.MODEL small 
.STACK 100h
.DATA
     ;size 24x78
     
     
     ;----------------------------------------------------------------INCLUDE LIBRARIES--------------------------------------------------------------
     
     INCLUDE D:\\code\\assembly\\pj\\print_game.inc.txt
     INCLUDE emu8086.inc
     
     
     
     
     ;------------------------------------------------------------------FOR DRAW FUNC--------------------------------------------------------------
     
     mapHorizontalBorder db 78 dup(219),13,10,'$'
     mapVerticalBorder db 22 dup (219,'                                                                            ',219,13,10),'$'
     newLine dw 10,13,'$'
 
     ;the position of title pixcels x=y=120 nums    WRONG POSITION -> FIND CORRECT POSITION
     titlePositionY db 13, 14, 15, 16, 17, 20, 24, 29, 35, 36, 37, 41, 42, 43, 46, 50, 53, 54, 55, 59, 60, 61, 62, 63,12, 20, 24, 28, 30, 34, 38, 41, 44, 46, 50, 53, 56, 59, 64, 12, 20, 24, 27, 31, 34, 41, 44, 46, 50, 53, 56, 59, 64, 13, 14, 15, 20, 21, 22, 23, 24, 27, 31, 34, 37, 38, 41, 42, 43, 46, 47, 48, 49, 50, 53, 54, 55, 59, 60, 61, 62,16, 20, 24, 27, 28, 29, 30, 31, 34, 38, 41, 46, 50, 53, 56, 59, 64, 16, 20, 24, 27, 31, 34, 38, 41, 46, 50, 53, 56, 59, 64, 12, 13, 14, 15, 16, 20, 24, 27, 31, 35, 36, 37, 41, 46, 50, 53, 54, 55, 59, 64,'$'
     titlePositionX db 6, 6, 6, 6, 6, 6, 6, 6, 6, 6, 6, 6, 6, 6, 6, 6, 6, 6, 6, 6, 6, 6, 6, 6, 7, 7, 7, 7, 7, 7, 7, 7, 7, 7, 7, 7, 7, 7, 7, 8, 8, 8, 8, 8, 8, 8, 8, 8, 8, 8, 8, 8, 8, 9, 9, 9, 9, 9, 9, 9, 9, 9, 9, 9, 9, 9, 9, 9, 9, 9, 9, 9, 9, 9, 9, 9, 9, 9, 9, 9, 9, 10, 10, 10, 10, 10, 10, 10, 10, 10, 10, 10, 10, 10, 10, 10, 10, 10, 11, 11, 11, 11, 11, 11, 11, 11, 11, 11, 11, 11, 11, 11, 12, 12, 12, 12, 12, 12, 12, 12, 12, 12, 12, 12, 12, 12, 12, 12, 12, 12, 12, 12,'$'
     cnt_picels db 150
     
     ;the position of snake pixcels
     snakePositionX db 5,5,5, 999 dup(?)
     snakePositionY db 3,4,5, 999 dup(?)
     
     ;the postion of food
     foodPositionX dp 10    
     foodPositionY dp 10
     
     
     ;------------------------------------------------------------------FOR LOGIC FUNC--------------------------------------------------------------
     
     ;value = 0 stand for false, value = 1 stand for true 
     isFoodEaten db 0
     isSnakeDied db 0
     
     

.CODE

main PROC
 
	MOV ax, @data
	MOV ds, ax

  MOV ah,4ch
  INT 21h
	    
main ENDP

END main
